Results for testing dataset - 20% of total - 288 records
Output from ANN with printout of modelled and observed pan evaporation.

Number hidden nodes: 6
Epochs: 50000
Step size: variable
Momentum: true
observed modelled
8.1      8.172384295620574
7.6      7.730580942234777
5.8      6.48190544676672
1.3      1.514073603640461
1.7      2.0774337756891956
0.8      0.9966625581314601
2.4      2.40652737931114
1.8      2.0068179820741037
2.3      2.488618650245634
1.9      2.5057999748181126
1.5      2.166856993710364
3.7      4.476259097485848
5.6      6.1568313694590895
4.6      5.706095457958216
3.1      3.7081463465972564
5.2      6.17952304706313
4.9      6.106324969587993
4.8      5.772039583447808
5.3      6.352442521516325
5.0      6.164753286936909
6.4      6.883313805851532
5.6      5.860441845267984
5.6      6.030056995440511
4.3      5.016571208812138
5.5      5.7748782474194895
5.7      6.149796597945832
5.8      6.3589407404746545
6.2      7.012892355010008
2.9      3.738468133785574
5.6      6.527842235547716
5.9      6.969542161251539
6.5      7.638814525342633
5.5      6.182289169113178
8.1      8.766338155052173
7.2      8.227652347219788
3.8      5.496439944735148
5.8      6.164427008374909
6.2      7.380572597982663
8.4      9.364355464621
8.5      9.487697664750476
11.2      12.146920604113392
11.9      11.667959668646905
6.7      6.9599927431243405
8.2      8.404120567770445
9.8      9.666094625854397
11.1      11.039624816159485
12.6      12.432094379784907
12.8      12.50673393921943
13.2      12.214039416608427
10.7      10.287274247311773
9.3      9.44494698118698
5.0      4.859008241607673
8.2      8.72693304044975
9.5      9.575940165319125
8.8      8.42243524949876
10.8      10.755659352285841
9.3      9.45981103770565
9.4      9.366954839734095
11.3      11.168719925452873
9.0      9.197898881685859
9.7      10.094693258355605
10.2      10.780189423966076
8.3      9.062200139004934
9.5      10.501424411185925
3.9      5.139332803485654
9.1      9.568220457269458
9.1      9.125802547314745
9.1      9.409080254488272
2.0      3.154575040917919
4.9      6.385063602126749
8.0      9.157590196680733
7.7      8.3116947727272
8.2      8.541360879480946
9.3      9.679249832494257
10.5      10.758609845687788
12.0      12.871395965512967
12.6      13.389062659500587
13.1      13.79051748489326
13.9      15.560819524912517
12.1      13.32202760128432
11.1      11.973029343215458
9.6      10.156113022817323
14.5      14.382773901347763
13.1      12.68800715191369
14.3      13.976485587278441
12.4      12.916634517961542
9.8      9.971175722618172
8.1      8.795462267304584
11.2      12.139000539029292
12.5      12.826416982549496
12.6      12.863018597020396
10.8      11.482018272169341
13.8      14.063279941967773
13.4      13.7874924592501
13.2      13.655475582718145
12.1      13.083113876323093
13.6      14.193037389653783
14.6      14.176687692470628
14.1      13.484356770962657
16.1      15.290601101100595
12.4      13.045150563168507
13.2      13.76770564933144
12.5      12.819269871446197
14.7      14.019656506287856
15.5      14.523717417439062
12.6      12.86638004923887
13.4      13.504763711658658
13.2      14.09292369058468
12.5      14.054471147457123
12.7      13.048134136901224
12.8      13.56757912083947
12.8      13.654486448655383
11.7      12.273762239604357
9.1      9.436929728579546
14.0      13.915931314263997
15.3      15.013066550531853
15.2      15.353483523437912
12.5      13.301240685740094
12.4      13.532728489836124
12.8      13.760681372956212
13.7      14.255988423045636
14.8      14.894364381632476
14.7      14.79460133621963
15.6      15.314715955736151
14.5      14.44140397783515
12.8      13.765712988289426
12.3      12.806965836550042
11.5      12.160251815432366
11.7      11.907345886661375
12.2      12.582459429052953
12.7      13.31649922806585
13.0      13.76709138512187
12.9      13.587597987648307
12.1      13.074123418489803
11.9      12.87714449234625
11.6      12.911973768949817
12.1      13.202872287450333
12.0      13.187982743297807
11.3      12.5435157223187
12.3      13.340897976956228
13.7      14.201861138052838
12.6      13.373158990807562
12.9      13.731243736250239
11.7      12.467568790385272
11.7      11.781952813864558
12.9      13.32949928773742
11.6      12.518039928071302
11.3      11.834634883012745
9.8      11.013328794934292
10.7      12.079464329842697
10.7      12.367495835911344
7.5      7.848716570177712
8.7      9.896009087120046
8.4      9.394522630646485
9.3      10.497889632961343
10.0      10.691473964749001
10.2      10.899771083796281
10.9      11.51448436547767
8.5      9.117401839446321
6.9      6.927398802379729
6.4      6.597065125494172
7.4      7.523740615938555
6.8      6.659705890702787
6.6      6.728660856733468
5.5      6.396327381384291
2.7      3.316788617792918
5.7      5.96063315098834
6.3      6.935039203798255
7.5      7.775911037218167
10.9      10.402253532949594
7.4      7.903964141679104
7.4      8.238573649705065
7.1      7.915324729651363
7.3      8.298418023806597
9.1      9.9060773488443
9.0      10.012239433601419
10.8      11.581017862512581
12.1      13.148155355559094
9.9      10.365434981292681
9.6      9.97116744168475
10.2      10.531625551747048
10.9      10.977973453626063
9.7      9.992351191712046
9.3      10.114215624167663
10.7      10.759000926985662
10.7      10.64162627590313
9.9      9.854170414061997
8.9      9.398972476335956
10.0      10.55205538767876
10.4      10.659230326869004
10.3      10.318301725130762
9.6      9.769088975790178
9.3      9.347955143247992
7.8      8.149502092770204
7.1      7.30244275263168
6.9      7.820014946298598
6.1      6.828160357406261
6.8      7.790532245904495
7.0      6.918321743109667
6.0      7.18430744360276
4.2      5.535379837480942
6.4      7.4324265120931425
6.3      7.357745289114129
6.4      7.319150926608734
7.0      7.631307001500289
5.8      6.814674281318289
6.5      7.355875963570658
7.2      7.749349817485821
7.5      7.955628875513169
7.4      7.751340585361221
6.5      6.968468061468339
9.0      9.121323515681931
6.8      7.494499887070164
5.9      6.4485723237232175
6.6      5.853469078400277
5.8      5.6666202376956205
6.2      6.130495030796796
6.2      5.953726093070565
5.7      5.580864034575048
5.7      5.6672750590561405
5.8      5.753208843160448
5.0      5.523262317138857
5.8      5.872609648990259
5.5      5.826188034246436
4.8      5.43594382147014
6.3      4.977015989615667
4.5      4.418178920744755
3.9      4.252636234111078
4.3      4.602445001904302
4.4      4.504896542383826
4.6      4.7678245494550735
4.6      5.014588614831745
4.9      4.789200053800845
3.3      3.7610657372195977
4.2      4.684319357117179
3.9      4.449859515900805
4.2      4.348334123110608
3.2      3.8230205295213016
2.4      2.637491378993935
3.8      3.416310786616884
3.2      2.864930152021149
3.4      2.99438660340661
3.6      3.25636021325181
4.6      3.4731028298279982
3.2      2.7216533713576565
3.2      2.6673209741780743
3.6      2.945734520629962
3.5      3.077015273581136
3.3      3.0987434835552854
3.3      2.940662681788389
3.4      3.414422815956034
4.1      3.323004626640976
3.3      2.9562865357084385
1.1      1.592358295264667
1.9      2.28571127287611
2.2      2.653219831058635
2.3      2.2859509632551296
2.3      1.9416898067491146
2.9      2.421839642583614
1.9      1.800512987777617
1.8      1.9234657242054316
2.0      1.9607006622205674
1.8      1.9197610882012943
2.3      2.2538158842673623
1.7      1.669834212919194
1.3      1.4597145850513966
1.2      1.4162539153353755
1.4      1.4785645192459387
1.7      1.7484526313461586
1.2      1.3647260121981055
1.3      1.1166033613189372
1.2      1.191010855610041
1.2      1.374477676313984
1.1      1.1806953300370464
1.3      1.3178790516712515
1.4      1.3922224932118161
1.5      1.4853726654348347
1.8      1.6146939687055493
3.0      2.313843919581903
1.4      1.469139428386664
0.7      1.0359711707159802
0.8      0.9727349139039375
0.3      0.31458124977819735
0.5      0.5560023913543738
1.0      1.0067150179101971
0.6      0.717857681076239
0.9      1.0361295772968218
1.0      0.733561449408866

Average error for testing data: 0.6472576729129653

